MODE 0
SIZE 11/30
LIMIT 0/29
COLOR LIMIT 5
STARS 5500/8300/15000
8 8 8 8 8 8 8 8 8 8 8
0 8 8 8 8 8 8 8 8 0 0
0 8 8 8 8 8 8 8 8 8 0
8 8 0 0 0 0 0 0 8 8 0
0 8 8 0 0 0 0 0 8 8 0
0 8 8 0 0 0 0 8 8 0 0
0 0 8 8 0 0 0 8 8 0 0
0 0 8 8 0 0 8 8 0 0 0
0 0 0 8 8 0 8 8 0 0 0
8 8 8 8 8 8 8 8 8 8 0
0 8 8 0 8 8 8 0 8 8 0
0 0 0 0 0 0 0 0 0 0 0
0 0 0 0 0 0 0 0 0 0 0
0 0 0 0 0 0 0 0 0 0 0
0 0 0 0 0 0 0 0 0 0 0
0 0 0 0 0 0 0 0 0 0 0
0 0 0 0 0 0 0 0 0 0 0
0 0 0 0 0 0 0 0 0 0 0
0 0 0 0 0 0 0 0 0 0 0
0 0 0 0 0 0 0 0 0 0 0
0 0 0 0 0 0 0 0 0 0 0
0 0 0 0 0 0 0 0 0 0 0
0 0 0 0 0 0 0 0 0 0 0
0 0 0 0 0 0 0 0 0 0 0
0 0 0 0 0 0 0 0 0 0 0
0 0 0 0 0 0 0 0 0 0 0
0 0 0 0 0 0 0 0 0 0 0
0 0 0 0 0 0 0 0 0 0 0
0 0 0 0 0 0 0 0 0 0 0
0 0 0 0 0 0 0 0 0 0 0
