MODE 0
SIZE 11/30
LIMIT 0/29
COLOR LIMIT 4
STARS 3200/5600/12000
8 8 8 8 8 8 8 8 8 8 8
0 8 0 0 0 0 0 0 8 0 0
0 8 8 8 8 8 8 8 8 8 0
0 8 8 0 0 0 0 8 8 0 0
0 8 0 8 0 0 0 8 0 8 0
8 0 0 8 0 0 8 0 0 8 0
8 8 8 8 8 0 8 8 8 8 8
0 8 8 0 8 8 0 8 8 0 0
0 0 8 0 0 8 0 0 8 0 0
0 8 0 0 8 8 0 0 8 0 0
0 8 0 0 8 0 8 0 0 8 0
0 0 0 8 0 0 8 0 0 0 0
0 0 0 8 8 8 8 8 0 0 0
0 0 8 0 8 8 0 8 0 0 0
0 0 0 0 0 8 0 0 0 0 0
0 0 0 0 0 0 0 0 0 0 0
0 0 0 0 0 0 0 0 0 0 0
0 0 0 0 0 0 0 0 0 0 0
0 0 0 0 0 0 0 0 0 0 0
0 0 0 0 0 0 0 0 0 0 0
0 0 0 0 0 0 0 0 0 0 0
0 0 0 0 0 0 0 0 0 0 0
0 0 0 0 0 0 0 0 0 0 0
0 0 0 0 0 0 0 0 0 0 0
0 0 0 0 0 0 0 0 0 0 0
0 0 0 0 0 0 0 0 0 0 0
0 0 0 0 0 0 0 0 0 0 0
0 0 0 0 0 0 0 0 0 0 0
0 0 0 0 0 0 0 0 0 0 0
0 0 0 0 0 0 0 0 0 0 0
