MODE 0
SIZE 11/30
LIMIT 0/18
COLOR LIMIT 4
STARS 1500/3600/7500
8 8 8 8 8 8 8 8 8 8 8
8 8 8 8 8 8 8 8 8 8 0
0 8 8 8 8 8 8 8 8 8 0
8 8 0 8 0 0 8 0 8 8 0
8 8 8 0 8 0 8 0 8 8 8
8 0 8 0 8 8 0 8 0 8 0
0 8 0 8 0 8 0 8 0 8 0
0 8 0 8 8 8 8 0 8 0 0
0 0 8 0 8 0 8 0 8 0 0
0 0 8 8 8 8 8 8 0 0 0
0 0 0 0 0 0 0 0 0 0 0
0 0 0 0 0 0 0 0 0 0 0
0 0 0 0 0 0 0 0 0 0 0
0 0 0 0 0 0 0 0 0 0 0
0 0 0 0 0 0 0 0 0 0 0
0 0 0 0 0 0 0 0 0 0 0
0 0 0 0 0 0 0 0 0 0 0
0 0 0 0 0 0 0 0 0 0 0
0 0 0 0 0 0 0 0 0 0 0
0 0 0 0 0 0 0 0 0 0 0
0 0 0 0 0 0 0 0 0 0 0
0 0 0 0 0 0 0 0 0 0 0
0 0 0 0 0 0 0 0 0 0 0
0 0 0 0 0 0 0 0 0 0 0
0 0 0 0 0 0 0 0 0 0 0
0 0 0 0 0 0 0 0 0 0 0
0 0 0 0 0 0 0 0 0 0 0
0 0 0 0 0 0 0 0 0 0 0
0 0 0 0 0 0 0 0 0 0 0
0 0 0 0 0 0 0 0 0 0 0
