MODE 0
SIZE 11/30
LIMIT 0/29
COLOR LIMIT 5
STARS 2500/3600/5000
8 8 8 8 8 8 8 8 8 8 8
0 0 8 8 0 8 8 0 0 0 0
0 0 0 0 0 0 8 8 0 0 0
0 0 0 0 0 8 8 0 0 0 0
0 0 0 0 0 8 8 0 0 0 0
8 8 8 8 8 8 0 0 0 0 0
8 8 0 0 0 0 0 0 0 0 0
8 8 0 0 0 0 0 0 0 0 0
0 8 8 0 0 0 0 0 0 0 0
0 8 8 8 8 8 8 8 8 8 0
0 0 8 8 0 8 8 0 8 8 0
0 0 8 0 0 8 0 0 8 0 0
0 0 0 8 8 0 8 8 8 8 0
0 0 0 8 8 0 0 0 8 8 0
0 0 0 0 8 8 0 0 8 8 0
0 0 0 0 8 8 8 8 8 0 0
0 0 0 0 0 0 8 8 8 0 0
0 0 0 0 0 0 8 8 0 0 0
0 0 0 0 0 0 0 8 0 0 0
0 0 0 0 0 0 0 0 0 0 0
0 0 0 0 0 0 0 0 0 0 0
0 0 0 0 0 0 0 0 0 0 0
0 0 0 0 0 0 0 0 0 0 0
0 0 0 0 0 0 0 0 0 0 0
0 0 0 0 0 0 0 0 0 0 0
0 0 0 0 0 0 0 0 0 0 0
0 0 0 0 0 0 0 0 0 0 0
0 0 0 0 0 0 0 0 0 0 0
0 0 0 0 0 0 0 0 0 0 0
0 0 0 0 0 0 0 0 0 0 0
