MODE 0
SIZE 11/30
LIMIT 0/29
COLOR LIMIT 6
STARS 3500/6800/9300
8 8 8 8 8 8 8 8 8 8 8
8 0 8 8 0 8 8 0 8 0 0
0 8 8 0 8 8 0 8 8 0 0
8 8 8 8 0 0 8 8 8 8 0
0 8 8 0 8 8 8 0 8 8 0
0 8 8 0 8 8 0 8 8 0 0
0 8 8 8 0 8 0 8 8 8 0
0 8 8 0 8 8 0 8 8 0 0
0 0 8 0 0 8 0 0 8 0 0
0 8 8 8 8 8 8 8 8 0 0
0 0 8 0 0 8 0 0 8 0 0
0 8 8 8 8 8 8 8 8 0 0
0 0 8 0 0 8 0 0 8 0 0
0 8 8 8 8 8 8 8 8 0 0
0 0 8 0 0 0 0 0 8 0 0
0 0 8 0 0 0 0 8 0 0 0
0 0 0 8 0 0 0 8 0 0 0
0 0 0 8 0 0 8 0 0 0 0
0 0 0 0 8 8 8 0 0 0 0
0 0 0 0 8 8 0 0 0 0 0
0 0 0 0 0 8 0 0 0 0 0
0 0 0 0 0 0 0 0 0 0 0
0 0 0 0 0 0 0 0 0 0 0
0 0 0 0 0 0 0 0 0 0 0
0 0 0 0 0 0 0 0 0 0 0
0 0 0 0 0 0 0 0 0 0 0
0 0 0 0 0 0 0 0 0 0 0
0 0 0 0 0 0 0 0 0 0 0
0 0 0 0 0 0 0 0 0 0 0
0 0 0 0 0 0 0 0 0 0 0
