MODE 0
SIZE 11/30
LIMIT 0/25
COLOR LIMIT 5
STARS 2500/3300/6000
8 8 8 8 8 8 8 8 8 8 8
0 0 0 0 0 8 0 0 0 0 0
0 0 0 0 8 8 8 8 0 0 0
0 0 0 0 8 8 8 0 0 0 0
0 0 0 0 0 8 8 0 0 0 0
0 0 0 0 0 8 0 0 0 0 0
0 0 0 0 8 8 8 8 0 0 0
0 0 0 0 8 8 8 0 0 0 0
0 0 0 0 0 8 8 0 0 0 0
0 0 0 0 0 8 0 0 0 0 0
0 0 0 0 8 8 8 8 0 0 0
0 0 0 0 8 8 8 0 0 0 0
0 0 0 0 0 8 8 0 0 0 0
0 0 0 0 0 8 0 0 0 0 0
0 0 0 0 8 8 8 8 0 0 0
0 0 0 0 8 8 8 0 0 0 0
0 0 0 0 0 8 8 0 0 0 0
0 0 0 0 0 8 0 0 0 0 0
0 0 0 0 0 0 0 0 0 0 0
0 0 0 0 0 0 0 0 0 0 0
0 0 0 0 0 0 0 0 0 0 0
0 0 0 0 0 0 0 0 0 0 0
0 0 0 0 0 0 0 0 0 0 0
0 0 0 0 0 0 0 0 0 0 0
0 0 0 0 0 0 0 0 0 0 0
0 0 0 0 0 0 0 0 0 0 0
0 0 0 0 0 0 0 0 0 0 0
0 0 0 0 0 0 0 0 0 0 0
0 0 0 0 0 0 0 0 0 0 0
0 0 0 0 0 0 0 0 0 0 0
