MODE 0
SIZE 11/30
LIMIT 0/15
COLOR LIMIT 5
STARS 2000/3000/4000
8 8 8 8 8 8 8 8 8 8 8
4 4 4 4 4 4 4 4 4 4 4
4 4 5 5 5 5 5 5 5 4 4
4 5 5 5 1 1 1 5 5 5 4
4 5 5 1 1 1 1 1 5 5 4
4 5 1 1 1 1 1 1 1 5 4
4 5 5 1 1 1 1 1 5 5 4
4 5 5 5 1 1 1 5 5 5 4
4 4 5 5 5 5 5 5 5 4 4
4 4 4 4 4 4 4 4 4 4 4
8 8 8 8 8 8 8 8 8 8 8
0 0 0 4 4 5 4 4 0 0 0
0 0 4 5 5 1 5 5 4 0 0
0 0 0 4 5 5 5 4 0 0 0
0 0 0 0 4 4 4 0 0 0 0
0 0 0 0 0 4 0 0 0 0 0
0 0 0 0 0 0 0 0 0 0 0
0 0 0 0 0 0 0 0 0 0 0
0 0 0 0 0 0 0 0 0 0 0
0 0 0 0 0 0 0 0 0 0 0
0 0 0 0 0 0 0 0 0 0 0
0 0 0 0 0 0 0 0 0 0 0
0 0 0 0 0 0 0 0 0 0 0
0 0 0 0 0 0 0 0 0 0 0
0 0 0 0 0 0 0 0 0 0 0
0 0 0 0 0 0 0 0 0 0 0
0 0 0 0 0 0 0 0 0 0 0
0 0 0 0 0 0 0 0 0 0 0
0 0 0 0 0 0 0 0 0 0 0
0 0 0 0 0 0 0 0 0 0 0
0 0 0 0 0 0 0 0 0 0 0