MODE 0
SIZE 11/30
LIMIT 0/15
COLOR LIMIT 6
STARS 2000/3000/4000
0 0 6 6 6 6 6 6 6 0 0
0 6 6 6 6 6 6 6 6 6 0
6 6 6 6 6 6 6 6 6 6 6
6 6 6 6 6 6 6 6 6 6 6
8 8 8 8 8 8 8 8 8 8 8
2 8 2 8 2 8 2 8 2 8 2
2 2 2 2 2 2 2 2 2 2 2
0 3 3 7 7 7 7 7 3 3 0
0 0 3 3 7 7 7 3 3 0 0
0 0 0 3 3 7 3 3 0 0 0
0 0 0 0 3 3 3 0 0 0 0
0 0 0 0 0 3 0 0 0 0 0
0 0 0 0 0 0 0 0 0 0 0
0 0 0 0 0 0 0 0 0 0 0
0 0 0 0 0 0 0 0 0 0 0
0 0 0 0 0 0 0 0 0 0 0
0 0 0 0 0 0 0 0 0 0 0
0 0 0 0 0 0 0 0 0 0 0
0 0 0 0 0 0 0 0 0 0 0
0 0 0 0 0 0 0 0 0 0 0
0 0 0 0 0 0 0 0 0 0 0
0 0 0 0 0 0 0 0 0 0 0
0 0 0 0 0 0 0 0 0 0 0
0 0 0 0 0 0 0 0 0 0 0
0 0 0 0 0 0 0 0 0 0 0
0 0 0 0 0 0 0 0 0 0 0
0 0 0 0 0 0 0 0 0 0 0
0 0 0 0 0 0 0 0 0 0 0
0 0 0 0 0 0 0 0 0 0 0
0 0 0 0 0 0 0 0 0 0 0
