MODE 0
SIZE 11/30
LIMIT 0/15
COLOR LIMIT 3
STARS 2000/3000/4000
1 1 2 2 3 3 1 1 2 2 3
1 1 2 2 3 3 1 1 2 2 3
1 1 2 2 3 3 1 1 2 2 3
1 1 2 2 3 3 1 1 2 2 3
1 1 2 2 3 3 1 1 2 2 3
1 1 2 2 3 3 1 1 2 2 3
1 1 2 2 3 3 1 1 2 2 3
1 1 2 2 3 3 1 1 2 2 3
1 1 2 2 3 3 1 1 2 2 3
0 0 0 0 0 0 0 0 0 0 0
0 0 0 0 0 0 0 0 0 0 0
0 0 0 0 0 0 0 0 0 0 0
0 0 0 0 0 0 0 0 0 0 0
0 0 0 0 0 0 0 0 0 0 0
0 0 0 0 0 0 0 0 0 0 0
0 0 0 0 0 0 0 0 0 0 0
0 0 0 0 0 0 0 0 0 0 0
0 0 0 0 0 0 0 0 0 0 0
0 0 0 0 0 0 0 0 0 0 0
0 0 0 0 0 0 0 0 0 0 0
0 0 0 0 0 0 0 0 0 0 0
0 0 0 0 0 0 0 0 0 0 0
0 0 0 0 0 0 0 0 0 0 0
0 0 0 0 0 0 0 0 0 0 0
0 0 0 0 0 0 0 0 0 0 0
0 0 0 0 0 0 0 0 0 0 0
0 0 0 0 0 0 0 0 0 0 0
0 0 0 0 0 0 0 0 0 0 0
0 0 0 0 0 0 0 0 0 0 0
0 0 0 0 0 0 0 0 0 0 0