MODE 0
SIZE 11/30
LIMIT 0/30
COLOR LIMIT 2
STARS 2000/3000/4000
1 2 1 2 1 2 1 2 1 2 1
2 1 2 1 2 1 2 1 2 1 2
1 2 1 2 1 2 1 2 1 2 1
2 1 2 1 2 1 2 1 2 1 2
1 2 1 2 1 2 1 2 1 2 1
2 1 2 1 2 1 2 1 2 1 2
1 2 1 2 1 2 1 2 1 2 1
2 1 2 1 2 1 2 1 2 1 2
0 0 0 0 0 0 0 0 0 0 0
0 0 0 0 0 0 0 0 0 0 0
0 0 0 0 0 0 0 0 0 0 0
0 0 0 0 0 0 0 0 0 0 0
0 0 0 0 0 0 0 0 0 0 0
0 0 0 0 0 0 0 0 0 0 0
0 0 0 0 0 0 0 0 0 0 0
0 0 0 0 0 0 0 0 0 0 0
0 0 0 0 0 0 0 0 0 0 0
0 0 0 0 0 0 0 0 0 0 0
0 0 0 0 0 0 0 0 0 0 0
0 0 0 0 0 0 0 0 0 0 0
0 0 0 0 0 0 0 0 0 0 0
0 0 0 0 0 0 0 0 0 0 0
0 0 0 0 0 0 0 0 0 0 0
0 0 0 0 0 0 0 0 0 0 0
0 0 0 0 0 0 0 0 0 0 0
0 0 0 0 0 0 0 0 0 0 0
0 0 0 0 0 0 0 0 0 0 0
0 0 0 0 0 0 0 0 0 0 0
0 0 0 0 0 0 0 0 0 0 0
0 0 0 0 0 0 0 0 0 0 0