MODE 0
SIZE 11/30
LIMIT 0/25
COLOR LIMIT 3
STARS 1000/2000/3000
8 8 8 8 8 8 8 8 8 0 0
0 0 0 8 8 8 0 0 0 0 0
0 0 8 8 8 8 8 0 0 0 0
0 8 8 8 8 8 8 8 0 0 0
0 8 8 8 8 8 8 8 0 0 0
8 8 8 8 8 8 8 8 8 0 0
8 8 8 8 8 8 8 8 8 0 0
8 8 8 8 8 8 8 8 8 0 0
0 8 8 8 8 8 8 8 0 0 0
0 0 8 8 8 8 8 0 0 0 0
0 0 0 8 8 8 0 0 0 0 0
0 0 0 0 8 0 0 0 0 0 0
0 0 0 0 8 0 0 0 0 0 0
0 0 0 8 8 8 0 0 0 0 0
0 0 0 0 0 0 0 0 0 0 0
0 0 0 0 0 0 0 0 0 0 0
0 0 0 0 0 0 0 0 0 0 0
0 0 0 0 0 0 0 0 0 0 0
0 0 0 0 0 0 0 0 0 0 0
0 0 0 0 0 0 0 0 0 0 0
0 0 0 0 0 0 0 0 0 0 0
0 0 0 0 0 0 0 0 0 0 0
0 0 0 0 0 0 0 0 0 0 0
0 0 0 0 0 0 0 0 0 0 0
0 0 0 0 0 0 0 0 0 0 0
0 0 0 0 0 0 0 0 0 0 0
0 0 0 0 0 0 0 0 0 0 0
0 0 0 0 0 0 0 0 0 0 0
0 0 0 0 0 0 0 0 0 0 0
0 0 0 0 0 0 0 0 0 0 0