MODE 0
SIZE 11/30
LIMIT 0/15
COLOR LIMIT 3
STARS 2000/3000/4000
0 1 1 1 1 1 1 1 1 1 1
0 1 1 1 1 1 1 1 1 1 0
1 1 1 1 1 1 1 1 1 1 0
2 2 2 2 2 2 2 2 2 2 0
0 2 2 2 2 2 2 2 2 2 0
0 2 2 2 2 2 2 2 2 2 2
0 3 3 3 3 3 3 3 3 3 3
0 3 3 3 3 3 3 3 3 3 0
3 3 3 3 3 3 3 3 3 3 0
1 2 3 1 2 3 1 2 3 1 2
0 0 0 0 0 0 0 0 0 0 0
0 0 0 0 0 0 0 0 0 0 0
0 0 0 0 0 0 0 0 0 0 0
0 0 0 0 0 0 0 0 0 0 0
0 0 0 0 0 0 0 0 0 0 0
0 0 0 0 0 0 0 0 0 0 0
0 0 0 0 0 0 0 0 0 0 0
0 0 0 0 0 0 0 0 0 0 0
0 0 0 0 0 0 0 0 0 0 0
0 0 0 0 0 0 0 0 0 0 0
0 0 0 0 0 0 0 0 0 0 0
0 0 0 0 0 0 0 0 0 0 0
0 0 0 0 0 0 0 0 0 0 0
0 0 0 0 0 0 0 0 0 0 0
0 0 0 0 0 0 0 0 0 0 0
0 0 0 0 0 0 0 0 0 0 0
0 0 0 0 0 0 0 0 0 0 0
0 0 0 0 0 0 0 0 0 0 0
0 0 0 0 0 0 0 0 0 0 0
0 0 0 0 0 0 0 0 0 0 0