MODE 0
SIZE 11/30
LIMIT 0/30
COLOR LIMIT 6
STARS 2500/4000/5500
8 8 8 8 8 8 8 8 8 8 8
8 8 8 8 8 8 8 8 8 8 8
0 8 8 8 8 8 8 8 8 8 0
0 0 8 8 8 8 8 8 8 0 0
0 0 0 8 8 8 8 8 0 0 0
0 0 0 0 8 8 8 0 0 0 0
0 0 0 0 0 8 0 0 0 0 0
0 0 0 0 8 8 8 0 0 0 0
0 0 0 8 8 8 8 8 0 0 0
0 0 8 8 8 8 8 8 8 0 0
0 8 8 8 0 0 0 8 8 8 0
8 8 8 0 0 0 0 0 8 8 8
8 8 0 0 0 0 0 0 0 8 8
8 0 0 0 0 0 0 0 0 0 8
0 0 0 0 0 0 0 0 0 0 0
0 0 0 0 0 0 0 0 0 0 0
0 0 0 0 0 0 0 0 0 0 0
0 0 0 0 0 0 0 0 0 0 0
0 0 0 0 0 0 0 0 0 0 0
0 0 0 0 0 0 0 0 0 0 0
0 0 0 0 0 0 0 0 0 0 0
0 0 0 0 0 0 0 0 0 0 0
0 0 0 0 0 0 0 0 0 0 0
0 0 0 0 0 0 0 0 0 0 0
0 0 0 0 0 0 0 0 0 0 0
0 0 0 0 0 0 0 0 0 0 0
0 0 0 0 0 0 0 0 0 0 0
0 0 0 0 0 0 0 0 0 0 0
0 0 0 0 0 0 0 0 0 0 0
0 0 0 0 0 0 0 0 0 0 0