MODE 0
SIZE 11/30
LIMIT 0/25
COLOR LIMIT 5
STARS 2000/3500/5000
8 8 0 0 8 8 8 0 0 8 8
8 8 0 0 8 8 8 0 0 8 8
0 0 0 0 0 8 0 0 0 0 0
0 8 8 8 8 0 8 8 8 8 0
0 8 8 8 0 0 0 8 8 8 0
0 0 8 0 0 8 0 0 8 0 0
8 0 0 0 8 8 8 0 0 0 8
8 8 0 0 8 8 8 0 0 8 8
8 8 0 0 0 8 0 0 0 8 8
0 0 0 8 0 0 0 8 0 0 0
0 8 8 8 0 0 0 8 8 8 0
0 8 8 8 0 0 0 8 8 8 0
0 0 0 0 0 0 0 0 0 0 0
0 0 0 0 0 0 0 0 0 0 0
0 0 0 0 0 0 0 0 0 0 0
0 0 0 0 0 0 0 0 0 0 0
0 0 0 0 0 0 0 0 0 0 0
0 0 0 0 0 0 0 0 0 0 0
0 0 0 0 0 0 0 0 0 0 0
0 0 0 0 0 0 0 0 0 0 0
0 0 0 0 0 0 0 0 0 0 0
0 0 0 0 0 0 0 0 0 0 0
0 0 0 0 0 0 0 0 0 0 0
0 0 0 0 0 0 0 0 0 0 0
0 0 0 0 0 0 0 0 0 0 0
0 0 0 0 0 0 0 0 0 0 0
0 0 0 0 0 0 0 0 0 0 0
0 0 0 0 0 0 0 0 0 0 0
0 0 0 0 0 0 0 0 0 0 0
0 0 0 0 0 0 0 0 0 0 0