MODE 0
SIZE 11/30
LIMIT 0/28
COLOR LIMIT 5
STARS 4500/8000/10000
8 8 8 8 8 8 8 8 8 8 8
8 8 8 8 8 8 8 8 8 8 0
0 0 0 0 0 0 0 0 8 8 0
0 0 0 0 0 0 0 8 8 0 0
8 8 8 8 8 8 8 8 8 0 0
8 8 8 8 8 8 8 8 0 0 0
0 8 8 0 0 0 0 0 0 0 0
0 8 8 0 0 0 0 0 0 0 0
0 0 8 8 8 8 8 8 8 8 8
0 0 8 8 8 8 8 8 8 8 0
0 0 0 0 0 0 0 0 8 8 0
0 0 0 0 0 0 0 8 8 0 0
8 8 8 8 8 8 8 8 8 0 0
8 8 8 8 8 8 8 8 0 0 0
0 8 0 0 0 0 0 0 0 0 0
0 8 0 0 0 0 0 0 0 0 0
0 0 8 8 8 8 8 8 8 8 8
0 0 8 8 8 8 8 8 8 8 0
0 0 0 0 0 0 0 0 0 8 0
0 0 0 0 0 0 0 0 8 0 0
8 8 8 8 8 8 8 8 8 0 0
8 8 8 8 8 8 8 8 0 0 0
0 8 8 0 0 0 0 0 0 0 0
0 8 8 0 0 0 0 0 0 0 0
0 0 8 8 8 8 8 8 8 8 8
0 0 8 8 8 8 8 8 8 8 0
0 0 0 0 0 0 0 0 0 8 0
0 0 0 0 0 0 0 0 8 0 0
8 8 8 8 8 8 8 8 8 0 0
0 0 0 0 0 0 0 0 0 0 0
